2019,Winter,Undergraduate,EEMB,192,D'ANTONIO_C_M,A,1
