2019,Fall,Graduate,ED,370,CARLYLE_A_M,S,4
