2019,Fall,Undergraduate,EEMB,190,DILLON_E_M,P,4
